3022 2857
1371 1633
568 2015
109 905
1306 1840
2946 3012
595 2970
208 1398
1223 1704
744 1262
256 2052
282 1437
335 2535
1669 2094
1808 2957
61 374
178 2584
472 1223
628 2638
2560 2682
1252 1791
1259 2835
2025 2988
963 2699
294 2636
1671 2143
698 1046
1642 2896
777 1831
992 1382
1218 2660
864 1429
976 2168
1708 2811
1000 1253
1118 1377
786 2783
2363 2801
557 2728
115 2998
1678 2662
1758 2485
1666 1750
618 1270
907 2205
107 589
2457 2659
1107 1654
567 1806
900 1562
134 158
1077 2248
937 991
164 973
285 2873
1467 2519
226 305
1507 1723
249 1071
1770 2998
1173 1859
1428 1975
132 1547
665 1739
2105 2896
1151 2602
1226 2060
1615 2891
1996 2120
991 1961
1611 2247
539 1862
2249 2561
224 1441
517 1245
194 1428
710 2912
679 680
1272 2564
1411 2386
842 1544
1279 2412
584 1534
1683 1941
146 1418
1028 2959
510 2777
1875 2283
2713 2961
453 2256
323 1380
1695 2887
473 2605
22 1538
1169 1707
1013 2752
1549 2365
1277 2005
1878 2110
1792 2813
1296 1854
674 2962
1028 1362
345 2727
2644 2729
163 2707
1578 1645
1807 1809
754 1436
59 1267
413 1284
948 1605
546 1183
353 1279
884 2724
1179 1220
959 1753
1272 1612
1790 2625
390 415
1418 2021
9 328
1600 2353
1066 1877
2796 3007
648 939
675 2065
47 1608
305 2759
309 1016
338 2219
775 2712
1247 1299
919 2939
1495 2947
1846 2766
453 1571
38 1660
1992 2932
1246 1266
910 1278
840 2636
978 2350
184 2157
1875 2366
494 577
1283 2960
1867 2472
1228 2042
595 1809
972 1835
1810 2975
72 419
2361 2780
89 2462
748 887
863 1992
1314 2291
989 1089
2018 2116
1646 2937
636 2056
759 770
1532 1610
359 921
2842 2890
308 2979
987 1911
314 1658
807 947
725 2879
347 2611
1847 2199
1569 2512
1864 2553
2066 2103
408 1979
1276 2574
1314 2773
69 1021
2322 2577
299 1646
1402 1906
800 1766
2047 2858
1316 2660
814 901
31 2598
836 1008
642 2668
209 2705
169 1805
1873 1987
419 2555
1154 1458
629 638
417 1606
949 1973
83 214
715 2331
74 2793
1425 1908
1101 2572
1611 2534
2148 2874
222 1762
1011 2184
1246 1252
1119 2597
1957 2100
812 1702
143 1096
1112 2113
647 2974
984 1958
810 2732
1262 1578
938 1752
1527 2386
577 2678
486 1063
119 954
714 1392
758 2817
997 2611
623 717
1270 2221
1616 1959
633 880
1831 2334
2291 2332
778 1002
222 510
661 1184
767 2043
631 845
1188 1524
1235 2994
374 2323
623 1782
1078 1340
2742 2837
994 2775
1163 1447
564 1677
2879 2969
1941 2569
518 2988
449 1958
2356 2801
2167 2772
2423 2534
770 1897
671 892
110 2968
649 2608
496 2373
1191 2309
1270 1572
1374 1654
860 1276
743 1647
59 588
585 1029
311 2356
1645 2492
666 1469
794 995
706 1683
1314 2553
1583 2137
1296 2816
1840 2078
178 1025
325 460
841 2256
390 2902
187 739
1487 1935
1504 1718
1056 1495
896 2267
335 2786
321 1444
2134 2179
1389 1829
80 2946
2007 2318
2197 2201
819 2206
1 1202
172 2111
574 2773
867 2576
426 1917
1438 2925
1722 2695
1189 2396
454 1222
106 993
1007 2901
1967 2333
125 2350
2258 2981
1190 2616
1848 2854
120 2517
2014 3004
1297 2587
449 2277
848 2146
1833 1913
717 847
1448 1845
1495 1921
21 2829
2138 2175
682 2158
913 1993
84 101
1217 2504
744 1382
568 1735
738 1293
265 2324
1147 2076
1071 2574
2478 2955
1089 2000
1120 1437
2630 2720
1117 1759
849 1824
1778 2761
169 2383
887 2731
837 2376
524 2846
1733 2863
664 1155
1600 1858
1565 2108
184 2735
446 2289
225 2478
1381 1981
433 1606
297 3008
1120 2174
1557 1988
1042 2014
159 1011
753 1584
1705 1953
1370 2155
719 2146
231 1644
1435 2326
2767 2941
692 770
692 714
1054 1434
2394 2691
3 1129
120 188
247 1606
1847 2371
326 2661
1847 2384
316 2311
31 1696
817 1354
1532 2804
133 2883
1303 1923
1594 2951
38 229
1166 2344
2270 2395
2572 2784
212 1913
71 1318
411 2175
393 1902
456 831
1309 1538
524 2643
840 1125
1571 2949
643 2498
1174 2565
578 2709
678 880
2381 2475
7 2621
225 2090
462 2399
1981 2795
44 2062
2560 2616
992 2349
294 2911
2371 2790
2290 2483
157 1658
638 706
1324 2682
1395 1672
1600 1837
680 1636
1099 2307
2040 2738
609 2482
212 1982
286 591
1303 2136
149 2533
1528 1933
638 2280
1421 1564
1156 1457
2698 2806
301 1017
822 1649
844 2600
1750 2547
308 1384
1394 1775
787 2734
661 1645
312 1131
291 1333
418 2817
1335 1474
1960 2882
2796 2931
1194 2981
1531 1557
1808 2095
1555 2515
308 1546
808 1859
504 1088
1729 1985
515 2557
785 855
494 1325
2414 2705
328 2689
413 685
1423 2996
916 2227
1643 1888
2567 2796
279 2285
546 915
381 1252
580 2910
513 1231
37 43
973 1076
24 2490
352 1571
904 1842
613 2417
1018 1510
78 2972
503 1914
625 2607
582 2883
2306 2967
725 2345
1954 2881
434 1090
1071 2645
144 759
2184 2613
838 1833
2348 2930
1827 2573
1721 2271
892 2423
1334 2456
430 2080
1594 2166
329 672
1517 2107
661 2374
2529 2785
93 804
2 2032
424 1055
2512 2907
1620 2968
348 2107
81 2805
1973 2033
959 2112
322 443
497 3013
233 2434
2168 2910
1609 2146
1300 2623
2235 2677
1696 2521
327 1117
311 752
1329 2986
10 522
165 2647
2649 2656
262 823
2118 2671
1253 2234
835 2512
418 2617
1872 2849
548 1894
98 349
1290 2516
1948 2267
1570 1617
517 964
2248 2626
1934 2023
147 2786
71 1064
383 537
426 2195
912 1761
844 981
1154 1589
859 1443
957 1478
776 2021
923 2225
418 2353
495 780
1121 1334
1032 2289
2384 2823
1311 2357
596 1161
2677 3010
937 2412
705 2598
86 595
184 395
1104 2822
1769 2483
273 1917
46 681
1167 1395
2122 2576
1903 2534
850 2652
2313 2745
1683 2085
983 1092
402 1818
1319 2538
599 2353
817 879
462 2139
50 83
324 1273
174 1687
756 796
707 1653
1401 2957
1445 2168
2101 2781
543 3007
684 1757
118 1644
2536 2876
1630 1682
1725 2035
1591 2642
1552 1893
1635 1649
1270 1698
823 1135
929 1274
134 2448
2470 2882
1359 2847
1552 1742
233 2978
1121 1854
652 2097
866 1997
235 1237
1866 2464
1311 1657
965 2155
1114 2862
72 2975
2199 2585
1167 2308
243 1278
64 2158
1319 2909
710 2961
696 1860
1366 1703
357 2620
61 1451
1191 2282
1156 2664
1392 2866
1060 2566
646 930
2100 2236
687 1074
1553 2628
1297 2640
497 2164
465 1497
1066 2562
2714 2976
936 1039
334 2162
1092 2596
1791 1926
282 2350
2554 2856
375 1366
209 1705
1100 2792
264 2399
1607 1747
989 1790
902 1536
641 738
99 2545
608 2563
1717 2552
527 2827
656 2069
1689 2300
2081 2718
115 2277
1431 2417
1418 1838
2109 2591
747 2001
1151 1611
2216 2405
1252 2420
1071 2328
109 1404
431 2584
566 2220
166 381
580 2557
136 2504
1010 1247
1094 2858
1098 1875
659 2944
636 1918
1074 2675
2315 2653
568 2401
668 1874
1707 2232
1349 1987
251 2983
721 3012
1362 1659
584 1393
2600 2973
1655 2570
813 1672
2312 2809
2212 2524
1499 2747
1405 1490
1094 1220
34 1450
316 981
599 1925
394 2960
706 2899
723 2226
280 1639
1387 2039
395 821
760 1755
941 1560
411 1348
84 2329
483 1628
886 2270
710 1120
1338 1774
1502 2834
74 2285
1177 1405
538 2189
2144 2545
2524 2885
2030 2630
1009 2112
1728 2940
997 1669
352 2911
1047 1992
296 2125
427 1576
707 1138
519 2021
40 212
1120 2402
1377 2988
358 2434
1044 1634
666 1408
2175 2478
895 2034
1379 2224
259 2100
70 2010
332 396
2973 2977
1399 1531
1794 2742
55 1939
392 2696
1102 1133
732 2530
529 1291
582 1247
1281 1302
433 2500
1505 2348
1510 2578
1567 2623
1477 2361
869 2948
1103 2689
5 1501
1178 2232
175 1349
359 2839
624 2293
2224 2478
145 1555
830 1466
1387 1443
1092 1141
1121 2567
668 746
270 1186
687 2496
1977 2571
1147 1978
616 1980
1453 1575
487 2008
1771 2174
1316 2661
773 2777
289 531
1532 2588
645 1978
69 2773
1110 1410
1443 1897
1768 2218
257 1798
1756 1804
132 2015
595 1784
1298 1688
860 1984
1593 1653
2515 2916
1272 2083
1380 2103
600 1375
386 2795
43 582
1639 2762
1480 2668
2218 2548
1417 1949
740 2814
1252 1415
160 2494
323 1879
655 2812
348 2097
410 1180
275 1483
73 2187
602 2932
910 2583
406 1880
2001 2449
796 2857
1807 1919
1586 2060
478 1170
455 1381
2291 2540
244 2170
2826 3000
1274 2597
872 2549
2426 2780
1694 2741
932 1320
1515 2936
2069 2307
2005 2031
1280 1835
255 470
1142 2930
289 2917
625 2780
2129 2291
1540 1651
599 1952
1597 1837
1303 1439
988 1050
1405 2712
1046 2373
4 2902
420 1802
248 2581
34 1965
1484 2406
1282 2739
941 2963
1069 2935
794 2325
877 1255
1273 2511
2057 2435
639 2569
278 1386
1546 2574
1610 1992
171 1216
149 2138
1689 2095
892 1890
337 569
224 2703
1478 2952
2035 2772
979 2982
37 1804
259 2868
752 2847
354 866
437 1578
1345 1473
2062 2780
818 1058
1389 1592
201 1729
1217 1941
1481 2521
723 1925
175 2237
114 1747
313 441
955 2039
413 2187
1639 1871
1898 2063
150 155
22 1441
2374 2795
965 2744
321 2068
2053 2134
93 449
135 1918
541 1058
501 634
627 3020
775 1040
1867 2367
2752 3010
908 2922
467 2996
525 2998
606 1123
509 876
2229 2404
388 2108
1471 1881
1003 1559
253 2607
2560 2811
1040 1076
530 1786
2114 2478
747 2483
1353 2604
1359 2020
1304 2214
1299 2213
1 1393
711 1716
1476 1792
1817 2461
304 2385
1068 1737
1696 2872
1619 2368
301 2619
1958 2605
1331 1967
1107 2892
341 2765
380 2675
528 2372
842 1720
251 2669
1514 2911
1890 2437
731 2801
1748 2067
488 858
735 1852
421 2272
447 2480
274 1221
679 1384
982 1880
298 2691
963 2109
101 1643
117 1194
360 1223
1019 2217
740 1276
1054 1523
228 263
22 601
653 710
1558 1837
14 1532
211 1813
362 1730
1066 2254
1205 2935
924 1525
373 2694
1457 1961
94 310
397 2823
2290 2680
1145 1412
2489 2712
1196 2866
148 381
785 2427
1021 2428
214 2221
1318 1726
1074 2982
717 1026
672 2748
430 1985
965 2637
816 1044
385 1535
2284 2426
2015 2439
2453 2610
810 2881
661 1394
306 1319
1 2811
1460 2357
1890 2524
421 2398
1922 2737
1138 2383
855 2676
1878 2043
1115 1411
2631 2718
786 2533
2067 2341
619 1872
471 2406
1860 2608
299 1513
1912 2007
2741 2933
2074 2285
774 809
1221 1349
111 1694
2311 2951
1232 3013
2541 2545
1529 2916
1371 1929
2201 2595
907 1507
199 2508
1103 1209
1225 3015
410 1265
1425 2808
1866 2538
729 1203
1279 2470
718 1953
226 1372
314 2554
2433 3004
2635 2857
982 2975
79 1142
864 2263
1353 1968
915 2453
405 3002
1272 2314
1651 3014
584 2306
2023 2788
1524 1586
831 866
2251 2376
989 1573
566 2147
1864 2629
950 985
176 731
1526 2552
153 638
383 2659
2222 2865
315 1352
356 2921
772 2534
137 1105
1332 3011
1063 2935
873 1600
530 2192
12 2620
624 1547
633 1625
1963 2571
669 2521
1572 2196
279 1117
1529 2334
1073 2742
1414 2616
2495 2788
1342 1919
95 2522
348 1773
1093 1203
899 2613
660 2468
327 2744
94 1415
292 830
406 2341
160 2909
2136 2415
786 1227
1359 1644
1405 1829
2110 2696
242 1795
896 1779
202 393
174 889
874 1044
115 1892
1699 1774
604 1366
1059 1530
405 1259
2270 2291
1376 1703
469 1316
1574 1640
377 2612
261 1927
1658 2102
344 1534
717 2897
155 1527
2219 2662
1759 2462
155 1719
1782 2101
494 2176
899 2770
8 147
513 2709
968 2340
467 1924
1474 2664
1545 2231
375 1801
74 827
288 1159
130 890
677 1815
2821 3013
793 1603
36 93
741 2811
725 3004
678 740
2895 2929
1459 2207
892 1051
224 1305
1143 1317
196 417
963 1109
979 2134
1716 2240
1319 2579
86 2033
1932 2230
2243 2634
468 521
633 1837
1294 1385
278 2607
465 1090
1909 2876
1236 1322
203 2046
118 383
1655 2453
94 166
579 1124
678 776
1158 2111
2847 2878
427 1149
25 524
888 2604
1762 2214
288 2571
249 821
487 1802
823 1419
479 1118
739 2195
2671 2771
2098 2780
377 435
123 690
18 1486
338 2299
222 2669
2323 2621
538 1332
2289 2952
1519 2102
1584 2604
468 2079
888 2491
1157 2458
623 780
580 2677
1757 1983
2075 2704
272 384
360 1269
996 2010
1485 1782
1547 1857
1922 2090
319 782
994 1900
32 2638
1959 2237
54 2832
1050 2590
1691 2659
2345 2449
1918 2928
1337 2478
841 3017
2460 2498
102 2791
442 2201
440 2506
1124 2382
568 603
77 508
269 1141
179 1097
1633 2522
778 2424
2412 2438
1749 1859
977 2629
863 1960
1785 2587
59 2955
56 2422
5 2794
245 1294
1161 1535
36 302
701 1306
1047 1491
1995 2972
1151 2738
2107 2525
506 2097
1751 1791
609 809
882 1941
618 1172
1917 2896
1097 2258
2433 2987
423 1653
603 1876
1510 2275
504 2968
131 1535
674 1232
1026 1786
1435 2686
2187 2816
155 1686
1569 2985
310 2405
1267 2276
765 895
154 2475
1118 1129
2669 2858
422 743
1386 1396
1269 2519
610 1627
355 1125
1689 1759
1615 1856
2284 2681
1745 1949
708 2652
2115 2388
328 578
540 1728
723 1184
1548 1869
1710 2650
906 2461
1411 2927
1198 2258
773 1391
716 1730
676 1574
482 1629
1644 1870
2426 2970
1319 1891
15 619
2773 2935
65 2062
488 542
2013 2868
1264 2141
2619 2793
713 2725
516 1810
2499 2830
958 1764
1913 2523
85 2098
1593 1831
1932 2928
419 1169
439 2281
1677 2432
469 2163
2949 2982
624 3006
1787 2576
1010 1715
269 2218
690 1072
704 2531
1149 2172
1250 1371
252 803
1184 1370
107 2275
1220 1394
1368 2916
849 2744
195 2364
690 1776
850 2807
2153 2555
402 759
304 425
1566 2615
238 803
1119 2950
495 605
53 1188
492 2873
104 1511
1588 1927
2053 2816
384 664
274 529
950 1718
1817 2496
679 1842
869 1837
776 2103
599 2673
2585 2768
39 246
2060 2897
26 370
52 1193
2092 2613
1293 2506
44 2003
484 632
467 473
1860 1942
459 2511
867 1951
1197 2884
834 2670
2365 2550
641 837
429 1316
1035 1336
1035 3017
270 2402
1514 1909
1670 2469
457 1987
1553 1969
28 254
496 1626
1896 2439
56 1978
496 2683
275 791
308 1750
247 1332
1769 2437
239 2889
1207 2572
189 1984
14 1343
2574 2668
676 2848
7 1711
396 2869
334 2402
305 593
952 1337
628 2134
981 1847
1049 1469
912 2107
2162 2349
21 157
186 1519
586 611
575 1966
1973 2569
71 633
2316 2608
60 2486
1542 2230
1606 2056
485 2895
1087 1799
609 1316
508 2243
2082 3014
2425 2730
2391 2412
1165 1830
163 2340
51 1729
806 2177
740 1646
551 747
1624 2498
663 1554
1728 2873
711 814
894 2726
1023 1736
1248 2484
1908 2257
385 2436
1552 2197
2077 2491
427 948
635 1608
968 2449
2284 2332
918 2382
394 1469
2216 2762
761 2391
2121 2340
464 680
1099 2133
2079 2523
2032 2891
2634 2724
2463 2639
863 1611
354 2009
850 2087
281 1361
30 1251
585 993
839 1891
2495 2823
791 1154
1623 1831
53 166
1210 2980
1641 2740
1110 1764
667 912
228 2153
341 1962
27 1946
442 699
743 2407
395 1903
100 105
329 2252
1844 2992
269 2975
1143 2997
130 939
245 757
1259 2820
2145 2198
2865 2910
878 1076
1086 2830
878 2498
1845 2067
225 1354
413 715
9 586
1714 2572
470 1494
1612 2125
675 1491
180 1594
1701 1918
1252 2574
910 2493
1762 1777
389 2066
1604 2225
869 2227
2249 2702
213 2486
63 2879
2098 2677
2108 2752
1353 2631
2194 2694
604 2715
549 2555
13 159
1714 2130
1465 1502
1601 2244
537 971
403 2694
496 2262
822 2815
848 1201
569 1075
1182 2564
1842 3010
716 1135
1587 2082
1095 2048
822 2012
329 874
755 2965
597 2909
1064 1363
1366 2372
751 784
263 970
1566 2844
984 2280
1375 2807
1026 1275
287 2068
39 2764
342 972
1057 1568
1783 2918
656 2004
1393 2835
514 1442
1692 2493
1862 2687
576 1029
2000 2864
1165 1427
1892 2590
747 1266
1579 2017
789 1153
2685 3002
1257 2018
612 1826
1219 1623
928 1487
428 547
1185 1255
431 2932
731 2150
1125 1236
542 1101
1076 2051
569 620
332 1681
228 563
2487 2952
535 2181
1481 2121
395 399
1883 1944
1442 1898
175 2877
767 1042
601 1948
930 2627
458 718
1273 1551
793 2901
156 2040
2383 2906
356 2945
929 1357
187 825
1271 1863
2476 2757
145 2573
1256 3017
325 556
791 2673
263 2097
1684 2205
275 1573
706 732
1652 2347
1653 2852
1451 1569
724 2300
2259 2411
226 2506
580 2343
2337 2829
718 2581
307 1701
666 2628
741 753
837 1507
290 1275
1750 2996
1256 2340
1379 2047
696 2175
1581 1909
1899 2426
788 2267
1500 2717
385 1167
902 1502
30 2608
887 1707
826 1424
835 2418
628 2900
1736 2287
444 1130
128 2676
919 1820
2329 2442
1028 1254
395 1056
1697 2533
224 891
1794 2367
861 1818
1394 3001
545 1433
2443 2705
381 938
1990 2792
2222 2468
873 2836
861 2533
2656 2813
1805 2213
307 858
938 2611
182 512
285 1873
666 2465
1280 2374
40 1811
1537 2553
1012 1452
2152 2788
1054 1586
1560 2205
1184 2872
426 2200
961 1073
937 1435
882 2192
539 2937
800 2988
1644 1772
2 2415
540 1599
1376 2616
931 2655
1440 2804
239 2529
863 1623
1728 2492
2028 2354
730 1387
1291 1489
169 2468
833 953
1915 2618
1509 1826
1356 2894
1704 2666
867 1003
493 1986
291 1693
1769 1881
2308 2490
1779 2618
304 2951
114 1805
743 2906
2249 2648
143 335
1592 1833
1030 1199
1748 2338
282 2415
287 2942
94 2646
492 1821
902 2394
1863 2137
520 2580
250 2408
195 823
1897 2615
1456 1900
782 885
1416 2281
751 1139
1290 2864
813 1751
1574 2968
389 679
1132 1338
2315 2643
2376 2510
532 1907
2015 2413
1193 2645
1471 1508
224 1184
1299 2184
1681 2178
184 2577
1325 2062
256 1695
924 2539
2227 2996
1560 2293
1381 1743
942 1077
2312 2777
984 1149
1559 2009
1918 2484
907 2209
619 1076
193 442
1075 2999
2289 2311
1290 2298
1248 1256
300 1365
1154 2967
375 2832
2564 2733
670 1818
430 2818
1806 2801
139 351
892 1255
1217 1531
1054 1476
644 1345
981 2521
12 1501
1243 2780
1528 2575
342 2497
1649 1655
813 1938
8 2620
968 1892
169 2190
108 1280
2501 2615
1617 1867
416 2719
1334 2562
1145 2697
2609 2670
1329 2545
153 487
2361 2362
1116 1506
149 1967
767 819
1518 2698
2145 2772
1937 1949
775 1417
491 1017
383 754
90 408
199 2086
2086 2760
329 2107
2434 2637
1045 2344
1224 2696
39 666
1127 1451
2463 2843
2284 2658
468 857
1750 2375
477 1182
769 2331
636 2667
951 1809
476 555
795 1798
1598 2122
785 2358
1326 2174
1608 2737
565 1778
1546 2258
139 691
2372 2974
1470 2845
2116 2755
1878 2573
65 813
255 1360
409 1776
279 1910
776 1714
217 227
877 2991
1766 2729
1033 1094
1872 2129
1389 1998
857 1368
77 2054
2206 2485
1808 1870
278 1675
845 2673
719 2133
460 1738
353 2703
836 1903
1128 2563
1275 2214
1736 2191
1156 1244
164 2114
2230 2449
1647 1822
1386 2473
1623 2740
855 2673
401 2841
1162 2587
2365 2773
1359 2104
1754 2674
684 1114
361 2324
297 831
1704 2142
314 1503
1192 1777
1088 1178
164 2541
1497 1634
1132 1501
487 2871
2639 2923
2049 2980
377 561
1697 1861
906 1722
2094 2325
517 1191
1317 1634
1288 1845
721 2744
1698 1838
458 1485
922 1345
90 1205
295 298
393 577
864 2443
1384 2476
1241 1756
618 2572
115 474
1629 2274
389 1464
349 2138
94 1854
1144 2723
1304 1847
1319 2161
1809 2947
1404 2516
854 2317
833 1140
1427 2944
2 1447
303 2285
1240 1742
576 1521
1249 2616
2026 2894
27 632
188 2909
1721 1814
1291 2130
1388 1582
306 1054
140 2837
1789 2815
2269 2318
1976 2273
1613 2986
2506 2747
2463 2894
1847 1870
2008 2433
1411 2363
258 424
1772 2228
1114 2654
2429 2899
1554 2546
1218 2731
1846 2273
1445 2406
1468 2850
128 1822
1877 2277
553 2170
473 1109
843 2851
269 2600
116 2017
402 1306
771 2499
293 562
1150 1793
1339 1620
472 1651
757 920
800 2303
1257 1738
2153 2792
928 2707
201 2843
102 2195
1931 2496
545 1476
2824 2847
355 1195
605 2428
208 1822
428 941
389 1565
636 1883
2594 2947
1041 1073
342 2295
1962 2912
399 2112
433 809
608 2626
213 2256
1205 2549
659 2293
280 997
160 867
1711 2457
711 1241
511 2783
1183 1954
705 1390
1965 2159
804 1534
2157 2757
125 576
1403 2734
1707 2179
2521 2892
283 1496
285 761
338 953
1979 2326
928 2301
106 1295
800 2560
1499 2951
724 1666
483 2174
1918 2222
303 1054
2048 2065
506 1127
1429 2948
850 1667
300 520
82 1234
928 937
1822 2700
844 2054
476 1171
406 2554
1425 2146
363 2735
514 965
2350 2597
425 1007
1431 2685
202 385
1382 2442
654 2121
1084 1940
2540 2634
1350 2953
963 2287
1692 2105
2382 2691
1025 2081
662 2840
174 435
2328 2999
389 808
1043 1854
508 3006
1025 2213
1528 1850
2766 2802
2507 2666
1454 2120
1521 2665
2101 2963
2562 2951
1422 2080
88 2537
1351 2251
930 1679
550 1149
2235 2807
1737 2381
873 1215
1828 1901
591 2294
2371 2822
698 1629
1202 2213
595 1483
845 1458
84 2105
2130 2220
578 2067
1660 2634
2185 2637
1086 1166
24 2493
1037 2363
1406 1739
920 2734
915 1333
759 1111
158 537
1843 2399
804 1950
1529 1699
275 1209
2351 2615
149 1261
983 1602
1482 2356
2282 2533
965 2694
1276 2756
1539 2293
665 1172
984 2434
629 1266
1184 1854
2120 2978
974 2999
1573 1989
772 2299
749 1618
931 1421
2439 2638
1299 2125
716 2242
233 2058
1642 2022
725 1592
579 1774
1761 2143
1434 2965
1020 2803
2250 2259
662 1371
184 1295
474 2007
377 1700
1264 1558
1423 2535
844 2493
414 1880
1245 2205
88 2079
423 2359
896 2907
148 2204
151 553
906 2168
1635 1909
433 2185
398 2551
1672 2719
1459 2640
2165 2514
223 1299
244 1569
302 1703
1118 2773
1819 2195
1834 2067
1713 2631
1479 2611
1804 2355
1786 2481
645 1959
328 1808
964 1430
1595 1719
1849 2849
688 2129
388 2364
201 1267
492 2321
1502 2811
134 952
632 1970
1574 2395
325 1000
2064 2098
79 922
420 1258
970 1464
1570 2788
916 2723
328 514
345 1056
45 1166
1207 2760
69 2233
413 1595
940 2938
2100 2369
1919 2880
758 1981
220 1412
1285 1846
477 1717
558 2090
32 1291
2049 2963
827 917
95 1519
972 2448
798 1517
1864 2225
2386 2730
2135 2365
552 1245
1753 2016
1364 2580
401 2758
2779 3002
412 2255
1352 1620
294 2210
3 1805
790 2809
46 215
1306 2601
1671 1884
1263 2729
1333 2343
510 1800
936 3006
2623 2744
2415 2867
1722 2795
1559 2754
1910 2522
997 1053
1060 1249
420 2422
1690 2724
381 506
1825 2610
152 2385
832 876
23 1118
2797 2954
848 1528
26 1871
2869 2893
991 2132
1486 2392
197 1688
247 711
502 760
1574 1909
1840 2764
1485 2283
1516 2397
680 790
995 1641
750 2710
402 1532
558 1272
1865 2696
1598 1706
84 447
1235 2701
483 1857
97 522
1764 2401
410 1396
1678 1770
1296 2877
1573 2361
158 1829
685 2587
1662 1961
803 2243
55 2955
801 809
865 1971
1759 1885
486 2824
1018 1120
1534 1666
993 2578
451 589
588 2838
715 2203
825 1238
1131 1371
1780 2621
1327 2148
310 2215
409 416
691 1177
41 96
437 1963
51 2596
1728 2326
1837 2111
1138 1479
492 2749
1800 2859
1139 2517
1717 2026
1111 2178
170 817
99 2391
400 2523
817 2860
1802 2175
789 1324
1003 2200
14 1352
1949 2744
1707 2613
549 2798
1555 1947
970 1627
737 1375
1334 2391
732 1073
629 803
797 1799
233 2596
626 1688
858 1207
1774 2857
568 1969
283 1953
392 1634
2717 2976
1371 1829
1204 2162
368 2671
2948 3014
1159 1484
602 1311
1512 2904
1330 2571
357 2061
2255 2437
1207 1802
1603 2613
1380 2266
652 1325
10 2949
1557 2733
1975 2569
130 1775
1341 2206
805 1348
2432 2729
570 2569
330 388
1764 2858
899 2747
651 2663
1055 2658
1076 1516
950 2877
35 2405
713 2852
1539 1933
2624 2743
217 776
2128 2557
1389 1599
1850 2365
274 2480
2845 2991
20 1232
708 1485
1144 1731
1750 2003
2117 2391
751 2402
1354 2208
786 2072
1747 2696
327 627
307 1686
1146 2720
1254 2184
477 2868
664 2318
1725 2447
2862 2917
732 2602
781 2997
1220 1774
1091 1878
390 2739
235 788
1373 2335
5 369
949 1991
51 2667
4 986
1981 2686
786 2005
282 1152
65 2079
325 705
615 1648
708 1747
1995 2365
142 1074
1023 2228
1634 2735
234 641
122 244
1231 1843
841 1033
961 2832
927 1910
469 2022
20 1955
1448 2749
1974 2682
508 1462
1346 2271
1553 2696
1540 1801
2322 2586
1816 2035
234 418
67 1586
292 2077
2582 2712
1256 2531
681 1209
815 2094
1311 3002
1832 2255
155 1645
1553 1894
1634 2754
55 1775
1758 1849
1029 2695
453 1249
417 1476
1921 2942
2088 2799
414 2561
134 2000
1170 2399
2049 2335
1903 3021
106 1886
637 2479
311 997
1052 2776
1047 1598
1314 1796
1508 2749
664 2381
1936 2259
741 841
2750 2799
1754 1821
1411 2074
160 2368
208 1676
1848 2222
109 376
2034 2355
42 269
1569 2542
1139 2854
1415 1598
2828 2941
270 577
517 1136
2180 2704
1851 1877
784 2180
97 1278
2 2004
208 1511
676 2677
2367 2598
38 1865
102 834
992 1229
2032 2180
1012 2503
127 2823
629 1170
812 1529
790 864
1140 2893
1080 2297
1456 2772
2312 2346
1401 2841
626 1220
1667 2146
1346 2054
1792 2451
1484 2186
1962 2237
604 1107
1298 2678
1450 1820
2994 3006
2376 2931
386 2983
129 918
1539 3006
816 1328
1373 2157
1436 2113
1945 2893
122 1413
2836 2922
66 269
1583 2095
487 1230
755 1033
461 2679
647 857
115 1164
975 2965
656 2525
1339 1793
934 1379
1716 1870
2338 2560
693 3018
1562 2637
2539 2928
930 937
248 2709
620 1080
1020 2221
2176 2430
1932 2973
2108 2574
115 479
80 570
877 1363
298 591
877 1596
126 1547
630 2208
1664 2093
158 2267
1233 2838
345 2696
919 1645
316 2992
889 2594
168 651
444 1594
725 1311
2272 2811
348 2030
989 1418
663 1342
650 1422
322 1130
1256 1427
512 1296
1823 2258
349 2748
1488 2734
359 763
1105 1686
266 1430
316 1902
937 2103
391 1421
1608 2893
390 770
881 2494
327 2420
987 2606
43 1138
1811 2566
88 1067
2763 2875
633 1151
211 958
1123 1570
728 1613
1455 1992
1334 2982
110 2939
1577 1912
282 950
673 2192
943 1921
1218 2824
792 1528
227 370
40 1644
328 2164
320 2572
1020 1588
801 1067
1035 2490
1423 2134
1318 2024
194 584
378 1331
1776 2837
1896 2116
1120 2804
2050 2876
589 2823
2236 2559
217 1733
181 2691
781 2772
1036 2447
1350 3017
1310 2727
638 3013
539 2686
2054 2707
804 2438
1880 2256
375 678
832 1910
1217 1981
621 1483
755 2148
1277 1737
846 1532
148 1023
902 970
160 2608
774 1456
779 855
487 1736
1179 1559
1261 2379
124 278
351 876
369 1050
260 1218
1129 1813
858 1452
2170 2283
2042 2323
806 990
767 973
82 350
841 1720
56 286
1998 2294
264 1453
1698 2640
848 1509
746 819
1388 1542
2084 2883
2089 2513
1013 2298
954 1611
969 2812
213 775
855 2848
1433 1720
1142 1648
528 2394
141 1572
1466 2105
1939 2786
188 1138
575 1163
693 2191
547 1495
33 1728
98 2639
955 2336
952 1135
91 865
1612 3006
165 2851
524 2386
1104 1690
179 205
1359 1445
1321 1484
2717 3012
1748 1844
223 931
316 1187
1293 2336
276 832
1591 2692
374 2041
434 2935
87 1851
1759 2700
257 1145
386 1464
325 2978
1712 2405
770 2261
602 2092
464 852
844 2863
1802 2250
1064 2128
1481 2131
414 1877
214 1972
1941 2854
55 880
666 1660
1482 2530
1199 2728
2082 2193
1994 2522
2238 2597
195 2078
1926 2622
1885 2518
462 3013
343 2772
875 3005
1885 2134
2678 2942
186 2132
534 2420
1531 2420
1584 2340
1738 2822
2573 2927
295 1632
1731 1774
1394 2698
518 2344
1354 1530
370 744
1848 2402
704 1604
1840 2704
195 2753
337 1661
870 2386
1580 2995
1856 2189
438 650
2086 2363
736 1724
329 558
1524 2125
615 1910
1709 2117
829 1266
906 2299
1354 1521
151 1883
449 2702
1104 1820
484 1226
402 1332
265 2951
739 2290
2699 2884
2303 2364
385 882
2143 2975
826 1455
1500 2594
1030 2801
363 2989
864 1328
804 2224
2513 2755
1328 1532
295 665
2254 2521
781 2952
1384 2936
336 1693
2583 2851
1001 1942
330 1710
99 1378
1373 2567
880 894
216 1157
1234 2283
1436 2827
916 1377
957 2369
1387 2853
970 2267
1553 1574
773 1421
242 1903
1562 2300
540 1601
25 2144
2520 2872
66 2373
1685 1988
1899 2862
1571 2122
2432 2900
803 1523
175 1470
195 2993
23 1975
910 1387
366 1715
84 129
1039 1107
2297 2758
1056 2674
610 1396
1694 2231
916 1213
2170 2750
1201 2252
1691 2944
2369 2482
1313 1423
1115 1742
472 697
726 1336
417 2775
1239 2235
83 299
598 2914
415 2462
2192 2392
1762 1764
214 2126
157 833
2035 2915
405 2293
1162 1382
118 235
1466 2228
1047 2210
433 489
1281 2533
1325 1536
96 2955
1159 1575
1918 2383
1174 2398
621 1773
467 1322
500 1082
571 2577
1773 2048
1462 2985
560 1656
40 411
57 2620
1714 2648
2481 2793
132 1373
908 1944
363 2823
836 2939
273 384
48 1119
956 2549
1823 2645
1423 1693
821 2166
922 2703
1652 2844
1337 2293
579 849
1259 1298
815 1680
1676 1801
1893 1997
234 1641
267 1415
369 2867
20 563
1711 2303
2124 2352
880 1021
1265 2045
400 1052
670 857
1430 2873
698 762
1382 1650
662 1875
304 932
1163 1187
403 1091
1830 2118
684 1156
1475 2787
1681 2559
1620 1644
913 2750
125 1623
403 1888
1457 1590
807 1753
499 940
1688 2373
505 2163
2415 2436
74 569
2427 2459
1479 1954
1351 2865
1722 2915
437 1444
929 3022
2051 2720
1260 1938
536 1463
1264 1948
167 231
1593 2151
1265 2177
92839568 92784721 68304202 68326380 41033385 24058212 91135330 12457058 62801848 44178153 58950588 51009885 97336104 15128354 71063129 2628320 56308769 88147830 37238288 80688470 11857932 22864326 57586206 35422268 86117186 3348099 45783596 54867518 2083361 8011555 50990966 14026898 11151794 95743075 41015456 43559190 70904660 87885705 36371535 47842286 99302472 60179400 57282793 3559021 3489239 50390215 6827042 92960520 78915009 90934731 12601758 9390980 9293507 80403918 54309858 11067007 40402231 71797160 55840307 77067265 98144293 58502891 87401992 32494660 29387835 82995420 57562398 7067847 85062224 49491045 30523241 49958344 24918543 25629142 1703016 8848223 80750524 51962195 96809204 83879449 27662086 58162282 52827323 75096136 89601436 55653618 5464568 36536871 79709685 9925838 40209177 46996300 18823408 31609674 85775365 57750375 42684407 78824628 23460818 71206943 60113405 96521685 88614948 66471271 48511254 24135505 50132845 84489165 28933102 43104658 81833186 96136114 48745431 98227563 87989314 43852666 38047875 93250412 40064234 51013971 70033367 7044865 44818174 58471380 19643464 91757066 6208507 63056775 21777303 53767859 68904719 93069210 32905416 26478133 20605531 133344 40090878 21610646 69872920 54107466 2174960 36186021 76482096 67067864 32512405 27134992 52149114 55080521 95616106 89854617 85182725 87977339 52830215 13838725 42607480 60223628 48557712 33381330 74635889 47998802 59629178 33300191 82963923 89897795 26411386 79188981 15391414 73803250 98850178 80627864 6706553 82553919 98810219 74948776 47084432 97602801 31705731 97597677 80205550 85732054 27483904 80229091 81335218 83043823 53180047 33992375 59440884 83946378 48610583 29044366 43154407 82468749 11832332 76069286 3433436 82447017 78631114 10982826 31646352 29088738 4173317 28779333 46962871 43656901 36429713 16214681 45204849 49733263 78146687 56347801 25833083 26390273 38074562 41567931 59489128 40789660 95156751 86001049 76073812 38894407 42063955 74422224 76317101 18942565 37068566 44903701 19428855 4639611 51191061 34824556 74615197 99176836 2003549 99315817 85245765 72578407 69206886 38935196 47255154 44311556 41724106 30122251 28226813 87378937 31140927 99329140 14129679 68328446 94730654 95637446 57673744 15278404 93280573 43274465 45628354 63246219 71331381 24959147 76187416 61760821 99171669 29128678 31567764 3406374 215993 97679797 97101568 14283092 42697935 73661950 2058213 76837764 18036103 13261272 78915674 64977150 63174609 28072959 69108558 83395821 50629215 74729491 82179911 70288573 78510594 87462368 96825925 97617561 44325663 20050031 64439322 75993917 51102844 83727574 63013515 70605830 33939640 73023611 48570724 48639733 73868334 53903778 70927041 85178564 75871828 28641514 40713496 70621831 83849614 36078796 72382427 95271171 48140178 80332333 57217646 35553502 13045082 1550187 77364292 11519254 99003903 13133864 16570806 59891924 80685439 33958815 49446699 3318693 42358239 48866381 16866428 67777976 34365922 707406 13069299 8295590 62966211 57299553 29755601 43648050 44086393 78610514 70817255 49096360 66735209 94709205 44217427 98556452 55121688 97537551 80427585 83178641 63104301 90290947 29838103 88438563 20482403 76054623 93366247 66815456 28667266 72090700 99273827 79628489 61202923 70118634 72569765 37743709 13339562 34873942 82824611 56285866 42701862 52726818 74179391 56898875 75131472 68392180 34364666 88182223 73998275 40354259 22071405 87629256 31646082 58746573 58195134 60018310 16010409 80400658 81489695 95788833 56536950 212967 88221764 518511 87577228 88650014 37111342 80300754 9951449 61183464 70617153 987980 20858009 42953589 35558386 50891209 39289751 96514138 57682941 76738881 46722575 61229568 35461850 7747137 45965736 53304802 60724917 29291219 62670980 8857027 1796579 90750602 806339 61439741 82013832 52502505 91711657 43164917 8939733 14227378 14975044 68900291 35077161 425100 36178072 56750173 13685465 3564088 44242555 48855513 27512926 90433205 50212262 52317549 82156674 4051463 86421615 29205256 4758798 76639425 902151 65101978 68209668 95203997 57215846 79164342 70854535 87562656 12201246 86411842 56897521 32784497 88043357 30170859 49646782 18568763 32037882 60658036 23960334 70909786 79192287 51007839 87084522 65096615 60368992 63850601 16384325 29823972 65771531 21775158 10591660 52507687 55891779 38361127 3490861 81645156 82432346 1800828 70819219 16781773 11429591 54467898 45577767 70166050 79179186 82219732 78279716 97552211 16886812 1720895 78097544 22040102 90949165 80404085 68010977 79352035 27441312 2730303 95430768 3245734 41354666 27296416 98460847 41121275 31572736 68262643 39612961 35239540 76726988 88642821 62058257 16137899 8348538 61303500 30108013 16906782 85701903 68636394 48539266 11705818 11485764 62863079 62378246 29496571 24573452 53066183 31809884 21411043 41630305 62089493 56306395 14522553 89079845 18716681 94915352 25533260 28728248 4021972 16110106 71315443 45509789 40476988 21540114 41942012 71583414 44805081 10044553 64374714 48429363 27038034 7760726 87616134 83638606 82299264 46741059 11697875 4502437 89488577 57414391 55707516 60662617 81002856 90282456 10424619 46851399 14208862 20523013 11733950 81880511 88706472 48845824 79345383 84358729 48096809 99602020 54819661 92301377 9535804 25105204 71451755 93129726 25688478 70914527 77399531 24439104 10603026 21970189 53201855 69262666 51819514 54556019 45362384 17297976 64085440 63288429 81418660 20795726 61061379 31549449 94828883 11070716 18867284 44383876 13446612 91903124 48974014 48593451 48718928 5691570 97109603 46741590 34345930 95183063 42369406 13512892 30975975 37702777 91073957 12503855 44967619 59680579 98304412 50395098 76822713 41388502 45601010 21884118 10808051 27672947 22021551 70354716 96097921 79407951 31313274 13057484 90374641 75497418 9086726 47261440 88162034 74515892 59158352 48830484 33679360 22898588 708509 55394423 32249469 27820826 18037386 91534086 46179283 36423826 46696173 58030 43163664 61313981 98716184 65675548 62434368 94707696 72202417 97689996 45953094 94516958 53421387 4216210 71622572 57411201 7085651 26890918 5847387 26204744 68244636 47586225 88192351 68244874 54626564 58358644 36943775 42243658 64713717 33011749 58042660 72523118 56452221 2657317 51618281 75046284 23180654 40304615 77026512 66275331 99881966 57426168 58757191 87779864 82229063 36411228 1684476 92629807 4183307 58042144 12459940 67638310 82579244 33598009 87198082 7867461 67648987 72366439 86073167 98189644 50983512 15561413 49908720 75034233 18738772 30566550 8945810 33335696 4434698 59185177 753865 23120193 27243877 22150849 90414827 7113364 39173114 37216719 30412347 91318359 25577395 92667521 89890958 71420296 96649334 78881323 17235817 82593241 23497794 32831781 89481215 93354358 65144453 97504677 5357280 48742113 63323627 25135998 24963719 42493029 16842851 21823305 20921774 70462380 39812499 97749344 46234312 49352194 95305832 18537543 15731332 44065582 53569466 15179796 61143178 48010651 65520398 59356586 53199951 78762398 90188441 91513563 7975832 78730023 94987602 25034123 87206230 13334725 64476142 45628664 47635856 93392033 55651653 83916117 20147508 33086960 60803480 30378918 65470273 10060922 86715273 78373252 26317634 18844408 55879064 6954777 21703587 13804692 47378061 27806998 14049634 826411 53696240 70999621 3053552 64367908 1271243 2655201 23377217 50533837 58423113 83093866 15817166 96875585 2790263 29549607 36743136 4979642 43152216 69196506 88834617 54026891 14797303 14102977 71868619 26778673 67777562 90126850 25414745 4006354 11049261 55247946 83811869 24766629 5680296 49459946 34464239 46905304 41289110 29274464 41151025 21313009 69696868 19242522 11554201 59147633 69237787 36387485 30724083 83234580 88709632 47766207 13753674 94583098 35379579 77050129 48073359 99232803 56448940 94837669 8445158 55040722 28679168 73922732 8467744 1772243 6393134 23055196 48437532 58864336 89537560 81554360 47953851 72303450 85374614 86563112 48790103 51696683 99590691 67657478 70109146 12258491 15369843 46526729 25105305 7146260 24329767 71697214 31058613 65287897 29219662 69505446 67438094 37517364 6494927 68461973 94198900 9590324 91766464 56363877 57483373 89471349 39282470 94759117 12066517 48297164 72819022 54177418 40546261 26182114 21025990 46251299 50034825 72735520 62640472 39422309 57547458 72786421 9917999 81834735 92799367 84987328 52794033 995971 81809413 44840213 63605433 72512923 12198311 24774297 29268978 54908906 93402379 27132816 84457100 23289461 98986701 33489555 40341436 43201547 74238525 68592426 41337210 84756795 74302536 37253018 93867759 54695480 96518948 42878381 10901086 46596181 61940800 32462323 68401687 3571156 84226309 94253266 82821420 93719501 2654630 11337257 37023761 36349324 28985199 16379682 55762680 33937119 14273844 88993519 2173343 10140944 31625423 93449988 94987921 2757695 800149 46792375 13021675 53267445 84320779 15548111 31535232 82066968 16730761 62141306 49020809 12659750 82642856 37553130 65188174 32977005 58178785 72475787 59384286 10544284 77250845 97313631 95351423 41748928 87980773 81304456 24297414 51144090 63257608 36823353 1482590 93759087 67528981 56098298 47069703 51800749 24989575 93770598 82257290 26167624 71194180 61880676 14440339 51985585 96701709 22474814 63731771 25941717 21115580 63846073 30310028 83964118 61158651 80892009 55707699 44582665 89619427 62612431 87909021 40286076 48973742 27642266 74776108 10515087 4718835 77617691 94862881 31717105 25843228 24147212 61678637 47744626 77896003 29156850 23837159 72494898 55354056 54443799 61333923 7289161 15163126 25877051 67632270 53562468 90181242 64514164 24923246 18882005 28652440 17176718 76646239 40840835 88185296 71643747 86158187 6032691 23928172 26947010 70623222 13301168 98112544 15883168 30409838 32541729 53248555 81178628 10987907 40681392 48295271 81277697 6208844 51204612 57191712 91981463 8853407 34657977 76530161 81271318 76790433 46980998 84066755 58431693 29515908 15534981 67232555 67786196 33005632 70672499 70923023 37950188 12196934 60237984 11316785 54509523 37644988 74373173 30574195 10614989 29793115 19511133 76081085 75177099 88697018 37975847 76213583 33422003 59347352 28178413 60990652 61024297 48790605 90139307 84455256 74344215 68268672 61912553 99727980 20108781 74258429 90070773 41926964 10380895 55733125 23552740 80553745 46443943 24300063 52472188 75862511 52684698 16963784 38410468 80238327 53158000 51537217 15265356 2783060 31184457 85236288 50364968 23454458 69430773 37788030 33290124 9141662 48745781 54561135 86555461 35287918 81281309 18351284 97447996 35909906 43261601 53216098 16608597 85479520 75983108 59652219 27808118 77080666 8710410 12005802 33699632 49438441 78549155 69601282 30731755 24913056 99178696 79820063 81131980 89233860 61656872 57685028 97297244 75582861 55545215 18074226 89262042 85739785 20391563 6857423 34518654 95589330 43544762 45729369 85585618 86230698 85157287 9874334 82024748 50465521 84353365 94571026 9673083 10227986 54983771 57891052 76945443 46759784 18406831 5316218 4567626 49141332 22982956 90521203 64539774 54119193 90251031 95024743 11752151 45813375 86739862 82711255 69615413 11221387 44317963 26884059 56845615 78673836 2974871 96068617 31717403 94545593 17072188 7755343 46250659 10541859 14037495 23474885 7823982 23002231 70984059 88163198 64401801 54059338 62432497 67516560 8153051 43800595 24062712 45732794 84325131 27178428 91355584 35858706 27155186 95052685 52567394 92347044 56040923 62547925 74704294 7287448 9977468 55886163 49248020 63628041 8578862 61091851 38245157 38013039 41843925 45229748 92708588 83824533 55417276 69451624 99187454 80396651 45764540 2742580 21033217 14448950 99359280 25509758 3259901 6787820 25075290 89352971 26584362 98040794 16223646 97341456 43926119 90549646 67584968 59570183 87754666 95812115 45081285 21203328 52107412 95216765 36445290 76773743 62746471 37786092 7866004 66663659 88194492 49067513 18914959 52818381 15674438 26259894 83586982 49510808 73360700 89170145 79874948 30715470 74215615 94431285 28011848 1897003 80893173 80053380 27087211 40739308 11504988 62734500 73686787 22620899 49825630 77243951 79535275 55466474 3066893 33027245 37758848 6360403 31163917 27334247 33035632 99828237 80619199 37260760 55532299 85895916 66161838 97116833 5070703 34268 58768080 74372011 46617687 17941828 9142940 77002903 49888820 67627102 19412920 91471001 48025447 37496348 99753741 73811902 43505549 75427193 6679884 85385741 94834662 51505098 79561039 25966237 92624805 52398011 20399096 29580804 56002231 67899545 2212148 23773543 33763160 2092150 37362816 38908580 16721989 27010019 17843742 18465955 20419289 76700002 52730050 83080923 80551423 46898974 47458201 35386963 69403294 86217282 40298106 47033736 25945104 92876568 84150417 39477479 97218909 70544457 57183174 55414607 3458366 71484182 96006051 39423413 10268293 40411713 24151997 51987191 485754 15471969 60889454 5370895 25501293 28343482 2955824 8866889 95628296 54879480 568873 91080648 66852717 51347309 63334181 29912912 70372233 66109405 7448149 46763249 78838004 77591840 99736494 48666807 97275782 63887125 82781426 54087895 76525612 15703505 88812016 14466639 83114083 90206741 10971035 91725626 19933259 97546403 8237208 83308809 11470960 80704709 97309217 69939123 59745433 35476525 49426563 90990695 34707794 13891397 71479655 15696100 58269991 25228021 30797214 50637745 40530895 47946138 16022093 93906058 73501745 12339621 73852292 971040 69635347 10470038 73369224 42953673 22645976 431006 42811498 54941395 5974791 91977610 60463611 63726130 54588354 7325238 28214722 24813415 14807657 22150467 37438169 91329697 79729437 2393345 21848476 9276563 12878353 36266053 14917324 19219110 58378583 31367433 59589101 46726875 93982713 20116664 45206035 90753851 46251172 98520827 41916338 50715386 59912764 55510733 48296277 87402534 96240718 87938943 24426980 1959468 44730566 23554042 61345247 69054680 61370482 6595644 71440618 36376846 28486413 18683158 18863534 16294032 16871599 54476452 91599847 33208333 11224270 21687164 54660521 69845217 64798219 62646993 46922222 3707819 82081864 27727652 15452519 59980895 58548862 41461802 77893928 31897020 2144677 33940923 91695188 66571476 93692931 49328102 80366140 71610030 78136569 84036101 67971664 27263793 47317453 30889649 87554648 57180755 34774851 52353721 2680828 50076533 57240311 464697 2592817 41679002 14596845 18250225 70118178 90206926 60390331 95694937 75910534 76342386 76262500 3701562 69454579 90916487 78895325 66182918 8508953 24466482 26134173 60729733 12837940 65247301 39022489 50122570 40106016 46352940 34028372 89267228 38732154 3301424 89738694 28467850 46198983 93820855 53261101 23350425 12962956 11193683 99643148 44693462 63946863 90241161 59914174 38906176 2381551 8853787 70706777 7329526 98215424 32225867 7577059 46022297 22717892 48175035 51334548 66656225 7577396 28294522 73243188 36110816 94514056 48677780 85684020 38292503 18380494 7452982 67950940 56531886 90288415 43726366 64417856 9173179 97486972 8720990 20995538 12922441 55459939 73843916 94152153 24862223 73178663 91219079 13887136 87051892 32299314 87114647 42828666 93389262 5187984 77298945 79406118 9282650 79747936 81068817 71289830 89579762 79714876 66748472 71368549 78417914 90288378 752993 84740468 17029750 46943337 11918498 38550058 83129195 79607632 97243975 3997244 87033715 8863206 91322292 5556970 70862029 28544327 91013947 17332041 70080422 16302313 1787449 43296229 83236543 99176515 46040823 19852900 50846818 68679486 24524376 50498962 65561844 17543234 65106404 82320627 91734215 36275461 64409526 49260418 70220890 51812100 34977865 94678054 47437445 17629595 47631781 99352203 54976614 99496469 32152183 91110097 8004692 56476874 21432174 9851973 98780408 91922769 52994401 89577459 2257439 3666570 31515871 43235947 48774005 72592992 26627277 38604251 29982233 34489821 20697409 87724042 63159006 65837545 75052943 57599337 41410926 33972253 34475423 50594135 90489184 71506606 89998069 72537892 84715045 59189793 98722845 85948796 49035290 50627132 51325353 1090897 18342075 38642317 46293466 29086194 46396043 68332525 60364669 95397594 36388037 20893119 69812606 98981048 45092214 26954849 28370850 5739149 101348 69816325 71547418 25453596 86126646 53837495 11926179 53322093 91480771 86668113 74722988 51109195 1759715 92321382 49155248 82873865 91273173 65151445 47138319 72079707 67530665 21297188 3376703 18712510 79943348 64840470 74945399 43367151 83187637 78364093 84125658 47943928 78661590 55526807 16159754 53379420 12496129 48193418 76134994 91509673 3407606 67368963 51856500 52402300 47924398 59223319 42227385 21310689 20201458 93328468 95600910 27009562 20712708 28201925 70698427 89333485 28343551 89531543 62655107 59230852 5475516 32502235 72808219 58952939 18911918 38289263 10798520 32099191 1569950 52154210 45090924 15494614 60087739 77485103 79220593 94369290 69156139 46302004 22517107 50367306 97541188 81164683 72653934 68649755 48581563 27782309 64998408 2249809 69696616 44526599 80200667 994456 37261909 54845726 76211853 90788033 37819424 86370866 64174282 40281997 92210128 51097279 25084210 15066689 20891439 78331629 34918586 15265437 33075270 32002635 89614269 82822841 44250774 81142995 15968285 28488294 65953746 71812240 17160364 35661435 72696269 93075181 36277591 9622029 65809187 44406985 12038702 29773478 6469726 71424665 55088546 33646995 22568311 12147596 25410732 46339931 92402357 49133428 98627970 4593253 19657025 50262318 21275039 71469053 3786281 41797593 11485532 39932039 57077704 69893069 4197614 24625954 34504005 13067692 65219526 12398959 93897725 91495673 49158319 40785214 52117786 23037275 82750974 58333748 92236224 85912267 26772434 82436104 77930410 67520927 85309626 40230430 91656941 99381659 27215605 59511766 58988403 74363539 58637799 2834402 22455264 43018617 5687037 29634878 57481558 17780939 6517990 25354615 70743550 81578884 51034280 7704314 90004156 72569175 84402728 1787559 45715299 21970120 11774210 18648781 5024399 67017599 97176927 97939836 90907340 91249859 97638498 72803560 20376900 35534868 83713055 80766970 47692618 85853604 79132191 25117242 31105863 98672870 52197922 21371861 58273902 42760045 28089509 96068682 77362609 92152531 63633370 93675424 70948497 80608397 11382725 56952893 88802406 38439921 14007678 28726321 99058356 62038991 1731506 4702712 6945730 89612908 38868016 20713886 1500518 57782756 86143485 98531284 88173631 41717026 44415603 27556202 42358142 23725824 70747942 86135485 70516449 53372336 27383367 84146287 89060905 4465941 17753887 22833439 55843073 24296969 48567864 36054131 11616520 95256224 30996957 92641282 96697042 74674352 59491177 41551553 7400735 26462808 64797816 80729200 76746966 17811398 96883669 61218856 74778915 71822274 83439288 29479143 50527241 12268715 27599223 20028190 24966811 40013017 99362695 87449100 86106122 30920314 10251636 52094568 22296794 3952027 43888139 36311493 42614351 35598275 98435923 74024958 70564694 53864157 19335542 96340920 46833546 5758888 77289362 10149193 88477110 73550152 53324304 41662892 93048647 11915213 39334660 99152948 34455869 41955644 49026820 35515632 20363297 57427931 33063303 87485721 24136474 58558867 35363858 70850686 93037376 74160036 15259735 69649530 35177948 62242260 67063915 89950306 64821670 14220482 55012628 35614373 5837995 44166772 2299824 41075397 5578039 46147187 72931952 84133831 14857800 46976373 82021775 90965661 79852151 57879367 50382032 22741149 72615316 94480390 30534810 16852668 98160916 60324105 23118083 13550429 8856957 19976341 30355433 75431928 37786915 84337635 32464591 78524523 81028633 77551270 8198592 521762 94171769 54924387 37471218 392004 20972230 99328215 88571539 12688908 33251453 47195237 65904134 26676045 80619950 79195862 37751471 94142489 17588843 69137106 33855023 94342951 66472771 58179391 75827127 68301817 13841418 78625916 36792125 8984885 37838497 40961746 58556136 21227121 71976511 67356324 72890336 75333973 38486039 94913293 23600738 53278634 27167726 40789284 79039479 52995734 26397933 39613283 80070838 16798024 18816261 1790590 60852905 87401565 51997092 23985411 34763289 4863483 90650151 808783 81954706 19384941 92285742 16393485 62891962 9467545 75483201 79060084 99983598 59678961 46149317 20761146 31452585 14827343 92246363 71921462 76614720 12843496 81130902 36240788 86514858 80348069 98639763 55153756 70143011 61287782 89255353 57698577 52606352 9088984 13285577 67539870 65407193 78490899 28651437 91292296 79974941 72986205 93942638 59126372 14806939 85688876 30252825 34647513 41430429 27720631 50248983 41550295 90741743 3824660 19350165 57269731 16838942 86148140 49935344 1297660 19053709 62439767 75662479 32641991 3188191 84595790 86495831 60931160 3909146 99855379 30750766 96876125 12115322 15758991 79210463 62151793 4503225 28059946 75007252 18799036 61020518 72458551 64787207 14466250 13318778 97511662 60939261 20202160 52619247 79196735 12345770 10140579 75843981 679779 56167485 53914447 99292459 41656632 25440031 71431769 36340542 17277469 53123151 17420576 18135655 26723158 50981442 40852703 68514139 45989752 36402293 52490484 83601507 79174012 82562603 69788504 78215986 65309234 11810124 21003079 96704752 57979619 92981437 64767513 99958010 14449753 39883337 65372342 15572080 80617040 96249207 4631135 36851687 65093078 36149169 92377871 64747717 46113418 5685078 72145948 22842228 4471796 10902677 97503918 10218405 87342186 22717170 64469211 81531097 28651712 10755795 87061674 90662077 16534854 46926140 85401649 70695723 88924849 65341150 17751686 29965870 32623384 61959005 47177499 55373151 29376105 10191400 46802545 82792650 59664706 19676907 84700498 73548714 71403773 44627868 98948907 62256464 52369147 60474878 57088697 65484558 86257540 59295491 9793181 65392783 82356334 68565971 88798903 83810680 50238068 41557307 35929921 83507967 43335451 15130146 56090313 20179775 46312896 657411 56624876 86226914 94051521 85942303 87410653 84286218 58653621 39958241 58398847 31793154 87251579 61500209 35287393 70850693 85686086 7302482 90900301 54785500 26301720 39316869 52184198 28635254 80984273 88932445 80519443 24868293 47825553 40286999 29713126 65253381 26264162 48988935 62630503 68779259 64357245 54464629 68971627 58755787 48281629 52388174 5775224 4127462 72440443 64826788 32257716 98061655 97085589 32482513 14819544 2452916 27334368 21752313 13735041 74696765 62364392 74071348 98909944 85252630 32174 92793552 21919845 49121416 97563493 44826249 43206485 50628588 57216372 22798478 15635039 38719625 59102958 25584267 82308280 60049175 76217792 94870857 5684309 5420377 50690609 27933157 98604695 80746590 17547666 60266304 2830140 88597614 39302091 85861720 47836378 20447783 33216872 48989514 21572389 62228341 90181325 74157425 31807042 39008912 59538505 14493095 39464617 57826117 22881630 46175423 49639116 66168206 88229847 6431600 78415075 27303681 35675272 87529460 98402430 45630740 85165058 96347375 37022884 10721677 21728515 50365255 60096427 19306915 84289654 17906837 89088418 13220319 77270590 44073537 99005825 2673444 34075762 14303496 69286467 28719273 31708248 87032079 43314330 26145839 2212447 57801029 7846818 46466427 57043191 10663234 58934394 30947124 11321055 21463649 38471559 70218248 66297867 27997548 8441825 40633542 91653458 43335269 2078565 69207319 86185349 57615434 97264847 44260005 66231381 31438625 29488132 81046581 70275848 70926537 4674359 30506641 72529400 2823973 6682242 48276893 12953802 27453655 82407050 97195501 5497359 42961334 14811679 89123383 50054968 82770190 73836374 94756156 60834304 98933704 91313841 98304924 97757917 76133985 41884931 41406652 2518479 61190381 20353027 86569647 31754735 40664135 48538985 99096828 27044272 537662 85215997 81094603 19309991 52924645 1624655 59424998 65284979 3069084 46613350 54728707 86953357 99368369 91593698 94272198 68494679 63020108 70455686 98225739 68441995 5739394 10825190 31320114 44922992 80758762 60461497 59586880 62424415 73544826 77344823 26656415 12590124 25380391 38766390 32588212 2488388 8003336 24857816 88575009 15246083 88252502 21766230 48945732 10509537 92780040 10778746 8724515 58557963 79872492 16582386 74529014 83069024 63473325 59937872 68752778 3087159 96683872 93833790 35614117 71370894 91951019 46273376 66940092 77870881 48430109 12640473 391272 27851997 99950812 12079237 50957547 78171085 39389786 20768485 93629599 47998497 89447242 55490181 50335021 74299720 27172242 90945915 56976092 80648290 57915552 84516459 81911705 82410950 95666298 79913817 2212924 1498605 18362457 55216008 83728875 841201 95299229 3559460 96934661 83116273 18853276 90692604 30081115 35010988 95749937 34914592 53756804 18569292 21006503 82067285 90646123 84985835 74401144 84968718 93898531 39179286 61379357 22427140 16537025 49437417 68940528 40672110 84858508 35551673 57866187 60705032 16115607 26275904 69604823 56027874 73345678 82616430 75768425 53462242 51893269 27081375 56554876 64802179 33325213 67386972 19302498 73075991 61321436 97163748 34453001 19337370 23156747 99611435 74942909 72762253 64163812 69595729 94162623 90013206 66196223 39828719 61519102 7366603 54764513 67167049 87320540 92902361 31652517 46125232 50191796 41129133 63728220 42570232 46987661 17604534 59464062 38968124 67814894 83136712 56876056 46593940 58957579 54961874 73311286 84900042 31922186 45937977 95034717 67361579 26267518 53792641 63972115 72639875 52007980 27750452 41956784 4341205 3657148 2552208 20896788 66738711 28745094 11322339 61050462 63664015 82531204 75806201 26635452 71076011 94231922 20833940 4536466 42428270 11849934 13321410 77025009 57356243 247436 71334966 64469569 61245640 65195547 15554310 71042930 769311 52996050 91402461 98184785 21572044 38373221 14865501 21639200 88363528 23374078 3833005 74888423 65526317 31612790 35583487 97047000 80893985 81256299 88576332 42788894 69012018 6978225 36140131 33624395 86741976 93658338 60425455 14562460 73688160 33660292 55334068 27463962 10028342 8776057 773919 37355276 4185634 91360908 24200856 14057472 92534859 83942590 80509812 55940572 28755285 1012814 45242330 18146867 18815651 48834725 88107355 11640772 77765748 18874687 81497514 70372329 34639073 66987013 44786601 20167842 95327841 66983685 11144469 12329529 87240821 42013943 22910718 59835848 69021826 55424399 30170078 1290965 42801455 65011738 28172745 4259381 89014168 53242776 75634130 72098416 34206176 67145806 1627651 88771048 45365861 24552920 42769051 4455063 13449105 78179770 61448908 92471208 58850461 84651967 53765311 86573130 89902794 9049057 62693680 4029795 57224164 46190703 75522273 83186804 77622549 59209052 75697482 87896486 11989857 11894490 48813230 46001022 56155822 16848241 4181979 78782472 61312802 8840190 73017423 49965585 68772732 55948618 8971984 78936037 47973920 15995867 74226466 7482439 25549459 62068087 15220207 19129757 50812595 37836538 98486998 48840714 16820856 96261720 25441680 74984589 63315061 41668707 86952197 49171373 76829572 74911254 55136198 94530527
179
